7
4
18
13
24
0
18
20
23
14
24
7
7
8
4
8
5
4
1
5
1
27
6
10
19
21
11
20
11
16
17
12
18
1
9
0
6
3
0
24
16
10
11
21
3
29
26
8
24
5
7
21
23
13
27
10
11
18
11
19
28
27
2
14
7
11
3
3
1
8
21
25
19
22
11
13
5
27
29
10
26
21
7
26
1
25
28
17
7
15
28
27
9
11
24
22
15
26
6
27
11
8
17
11
17
10
9
8
9
14
20
24
10
1
16
13
18
15
16
4
10
9
1
11
18
24
15
22
24
8
29
22
17
12
5
12
13
22
7
5
11
4
0
21
10
10
9
1
10
12
28
6
4
27
12
8
19
3
12
9
20
3
26
25
6
25
4
18
23
5
10
4
5
18
23
8
0
16
9
4
5
1
27
10
27
25
20
7
20
0
10
26
5
20
6
5
12
16
9
15
3
19
15
12
13
14
20
7
26
11
13
3
11
0
26
10
7
17
11
4
14
21
8
28
29
10
14
27
5
9
2
23
3
12
13
3
25
29
16
3
6
25
9
17
0
9
12
0
2
12
14
4
11
15
1
28
8
1
23
7
9
26
11
0
21
7
23
22
2
25
12
23
20
5
0
18
14
4
23
5
12
28
23
16
22
14
21
8
4
21
26
1
20
2
8
12
22
18
7
18
26
10
17
11
28
16
18
25
7
24
28
8
24
1
27
4
20
14
15
26
28
24
18
14
7
1
13
24
27
9
6
11
17
23
2
26
3
9
11
7
4
18
14
2
26
18
7
9
25
18
23
11
2
17
8
3
5
13
9
25
2
9
20
4
25
16
8
16
19
9
8
20
13
22
4
29
17
19
7
21
7
26
26
10
1
4
8
9
20
5
24
8
2
2
25
14
26
29
28
2
2
17
26
17
11
0
15
29
6
10
20
20
15
5
10
11
6
1
17
2
17
0
1
27
25
3
12
19
22
23
21
21
8
10
13
20
28
28
10
6
17
22
8
27
4
11
8
9
19
13
4
7
26
6
14
1
3
8
18
14
9
27
27
23
27
25
21
22
29
28
22
0
26
13
28
4
0
12
23
19
12
0
6
22
25
26
25
18
14
17
5
12
8
13
25
1
7
27
9
12
2
9
23
1
9
22
26
21
24
29
13
19
5
5
22
20
18
23
15
4
24
13
23
29
25
25
12
8
2
28
21
2
7
2
14
27
14
19
13
18
20
18
11
24
4
8
15
18
25
4
15
3
26
16
23
10
4
23
13
4
16
24
8
5
29
27
13
10
14
14
12
4
14
16
27
17
6
15
22
26
25
17
15
26
12
1
24
13
23
1
25
19
12
13
0
15
4
26
24
28
15
8
18
0
8
29
14
12
25
7
14
15
10
17
21
11
15
0
0
29
22
18
21
21
26
16
3
7
11
20
18
6
17
9
18
21
2
27
28
13
3
18
20
29
1
12
26
6
12
27
0
23
23
11
6
28
17
20
22
10
15
1
8
27
0
11
15
25
24
17
12
3
12
7
28
11
5
26
0
8
1
3
29
29
24
12
13
16
6
3
12
28
6
13
18
14
22
23
26
4
4
19
17
15
28
26
29
24
14
16
24
26
16
6
8
20
5
13
25
3
13
29
25
8
8
5
14
3
29
28
19
29
4
27
24
0
29
21
4
16
2
24
9
2
21
26
4
26
15
10
10
19
12
26
13
25
7
11
9
14
23
17
1
29
3
8
24
27
11
1
4
14
19
24
14
5
2
0
21
14
6
26
9
16
14
13
9
17
1
24
29
0
22
1
1
20
7
22
7
0
16
28
4
23
5
15
4
12
4
12
3
19
1
24
13
10
9
14
3
15
18
8
25
24
24
5
28
29
0
7
22
9
28
22
25
15
22
19
0
23
6
16
19
27
27
14
27
7
20
19
4
14
0
17
17
14
15
0
5
25
6
8
23
11
6
10
20
3
14
8
27
22
8
29
5
15
18
6
20
1
21
23
11
20
18
2
19
3
20
9
25
18
29
7
1
11
26
27
19
10
10
27
19
0
1
16
6
26
6
6
6
5
9
27
11
14
16
21
27
14
27
15
11
29
15
3
0
1
5
22
11
8
10
22
21
14
17
13
27
4
28
24
4
18
6
29
11
15
18
18
23
20
22
14
5
21
2
20
25
24
12
14
27
27
10
24
6
25
22
8
1
16
13
9
14
7
28
17
7
1
2
24
22
3
19
28
4
28
23
6
1
25
26
8
12
10
22
13
27
12
14
25
1
11
19
4
13
14
19
12
12
20
4
1
13
25
16
3
5
13
14
24
18
22
6
5
13
6
24
29
5
1
17
24
20
1
17
13
1
13
15
14
22
13
6
19
11
9
2
0
7
1
12
26
29
12
6
8
27
24
24
23
9
24
12
7
5
16
15
22
21
7
17
9
0
3
10
5
22
22
14
28
29
4
19
15
26
12
11
16
19
6
12
17
20
24
9
8
10
9
27
20
22
13
3
21
18
27
26
25
7
29
18
1
4
2
10
1
10
16
25
5
24
28
1
1
17
0
1
22
18
23
27
5
25
17
24
29
23
23
23
6
25
6
25
21
11
0
25
18
27
26
15
27
23
10
29
28
27
28
13
16
24
23
3
21
9
14
5
2
12
5
13
25
1
16
19
2
5
19
23
9
8
5
13
8
0
9
15
17
8
3
17
19
19
6
17
21
20
3
